======================================================================
User   PHQ9  PeakEv    MaxDays  Group
======================================================================
u16       12    15.690       15   DEPRESSED
u49        8    10.220       11   normal
u20        8     8.970       10   normal
u53       11     6.440        9   DEPRESSED
u23       21     4.010        4   DEPRESSED
u09        2     3.930        5   normal
u14        3     3.260        4   normal
u31        5     3.110        3   normal
u52       15     2.930        3   DEPRESSED
u18       12     2.870        2   DEPRESSED
u33       25     2.710        2   DEPRESSED
u27        7     2.700        3   normal
u43        4     2.270        2   normal
u44        2     2.260        3   normal
u59        7     2.230        3   normal
u36        1     2.220        2   normal
u17       18     1.870        2   DEPRESSED
u02        5     1.780        2   normal
u05        0     1.730        1   normal
u03        4     1.650        2   normal
u32        2     1.650        3   normal
u07        8     1.610        2   normal
u01        4     1.540        2   normal
u51        0     1.340        2   normal
u47        1     1.200        1   normal
u30        0     1.080        1   normal
u15        1     0.820        1   normal
u04        8     0.510        1   normal
u10        4     0.390        1   normal
u42        0     0.390        1   normal
u00        3     0.000        0   normal
u19        4     0.000        0   normal
u24        7     0.000        0   normal
u34        6     0.000        0   normal
u35        7     0.000        0   normal
u45        2     0.000        0   normal
u56        3     0.000        0   normal
u58        8     0.000        0   normal

=== PEAK_EVIDENCE_THRESHOLD sweep ===
Thresh   TP  FP  FN  TN  Spec   Sens   F1   
     0.5   7  21   0  10  0.323  1.000 0.400
     1.0   7  19   0  12  0.387  1.000 0.424
     1.5   7  16   0  15  0.484  1.000 0.467
     2.0   6  10   1  21  0.677  0.857 0.522
     2.5   6   6   1  25  0.806  0.857 0.632
     3.0   3   5   4  26  0.839  0.429 0.400
     3.5   3   3   4  28  0.903  0.429 0.462  <<<
     4.0   3   2   4  29  0.935  0.429 0.500  <<<
     4.5   2   2   5  29  0.935  0.286 0.364  <<<
     5.0   2   2   5  29  0.935  0.286 0.364  <<<
     5.5   2   2   5  29  0.935  0.286 0.364  <<<
     6.0   2   2   5  29  0.935  0.286 0.364  <<<
     6.5   1   2   6  29  0.935  0.143 0.200  <<<
     7.0   1   2   6  29  0.935  0.143 0.200  <<<
     7.5   1   2   6  29  0.935  0.143 0.200  <<<
     8.0   1   2   6  29  0.935  0.143 0.200  <<<
     8.5   1   2   6  29  0.935  0.143 0.200  <<<
     9.0   1   1   6  30  0.968  0.143 0.222  <<<
     9.5   1   1   6  30  0.968  0.143 0.222  <<<
    10.0   1   1   6  30  0.968  0.143 0.222  <<<
    10.5   1   0   6  31  1.000  0.143 0.250  <<<
    11.0   1   0   6  31  1.000  0.143 0.250  <<<
    11.5   1   0   6  31  1.000  0.143 0.250  <<<
    12.0   1   0   6  31  1.000  0.143 0.250  <<<
    12.5   1   0   6  31  1.000  0.143 0.250  <<<
    13.0   1   0   6  31  1.000  0.143 0.250  <<<
    13.5   1   0   6  31  1.000  0.143 0.250  <<<
    14.0   1   0   6  31  1.000  0.143 0.250  <<<
    14.5   1   0   6  31  1.000  0.143 0.250  <<<
    15.0   1   0   6  31  1.000  0.143 0.250  <<<
    15.5   1   0   6  31  1.000  0.143 0.250  <<<
    16.0   0   0   7  31  1.000  0.000 0.000  <<<
    16.5   0   0   7  31  1.000  0.000 0.000  <<<
    17.0   0   0   7  31  1.000  0.000 0.000  <<<
    17.5   0   0   7  31  1.000  0.000 0.000  <<<
    18.0   0   0   7  31  1.000  0.000 0.000  <<<
    18.5   0   0   7  31  1.000  0.000 0.000  <<<
    19.0   0   0   7  31  1.000  0.000 0.000  <<<
    19.5   0   0   7  31  1.000  0.000 0.000  <<<

=== MAX_SUSTAINED_DAYS sweep ===
MinDays  TP  FP  FN  TN  Spec   Sens  
       3   4   9   3  22  0.710  0.571
       4   3   4   4  27  0.871  0.429
       5   2   3   5  28  0.903  0.286  <<<
       6   2   2   5  29  0.935  0.286  <<<
       7   2   2   5  29  0.935  0.286  <<<
       8   2   2   5  29  0.935  0.286  <<<
       9   2   2   5  29  0.935  0.286  <<<
      10   1   2   6  29  0.935  0.143  <<<
      11   1   1   6  30  0.968  0.143  <<<
      12   1   0   6  31  1.000  0.143  <<<
      13   1   0   6  31  1.000  0.143  <<<
      14   1   0   6  31  1.000  0.143  <<<
      15   1   0   6  31  1.000  0.143  <<<
      16   0   0   7  31  1.000  0.000  <<<
      17   0   0   7  31  1.000  0.000  <<<
      18   0   0   7  31  1.000  0.000  <<<
      19   0   0   7  31  1.000  0.000  <<<
      20   0   0   7  31  1.000  0.000  <<<
      21   0   0   7  31  1.000  0.000  <<<
      22   0   0   7  31  1.000  0.000  <<<
      23   0   0   7  31  1.000  0.000  <<<
      24   0   0   7  31  1.000  0.000  <<<
      25   0   0   7  31  1.000  0.000  <<<
      26   0   0   7  31  1.000  0.000  <<<
      27   0   0   7  31  1.000  0.000  <<<
      28   0   0   7  31  1.000  0.000  <<<
      29   0   0   7  31  1.000  0.000  <<<