===========================================================================
User   PHQ-9  PeakEvidence  MaxDays  Group        Status
===========================================================================
u16        12         15.69       15 DEPRESSED    
u49         8         10.22       11 normal       
u20         8          8.97       10 normal       
u53        11          6.44        9 DEPRESSED    
u23        21          4.01        4 DEPRESSED    
u09         2          3.93        5 normal       
u14         3          3.26        4 normal       
u31         5          3.11        3 normal       
u52        15          2.93        3 DEPRESSED    
u18        12          2.87        2 DEPRESSED    
u33        25          2.71        2 DEPRESSED    
u27         7          2.70        3 normal       
u43         4          2.27        2 normal       
u44         2          2.26        3 normal       
u59         7          2.23        3 normal       
u36         1          2.22        2 normal       
u17        18          1.87        2 DEPRESSED    
u02         5          1.78        2 normal       
u05         0          1.73        1 normal       
u03         4          1.65        2 normal       
u32         2          1.65        3 normal       
u07         8          1.61        2 normal       
u01         4          1.54        2 normal       
u51         0          1.34        2 normal       
u47         1          1.20        1 normal       
u30         0          1.08        1 normal       
u15         1          0.82        1 normal       
u04         8          0.51        1 normal       
u10         4          0.39        1 normal       
u42         0          0.39        1 normal       
u00         3          0.00        0 normal       
u19         4          0.00        0 normal       
u24         7          0.00        0 normal       
u34         6          0.00        0 normal       
u35         7          0.00        0 normal       
u45         2          0.00        0 normal       
u56         3          0.00        0 normal       
u58         8          0.00        0 normal       

===========================================================================
Threshold    TP   FP   FN   TN   Spec     Sens     F1    
===========================================================================
        2.50    6    6    1   25    0.806    0.857  0.632
        2.75    5    5    2   26    0.839    0.714  0.588
        3.00    3    5    4   26    0.839    0.429  0.400
        3.25    3    4    4   27    0.871    0.429  0.429
        3.50    3    3    4   28    0.903    0.429  0.462  <<< FP<=3
        3.75    3    3    4   28    0.903    0.429  0.462  <<< FP<=3
        4.00    3    2    4   29    0.935    0.429  0.500  <<< FP<=3
        4.25    2    2    5   29    0.935    0.286  0.364  <<< FP<=3
        4.50    2    2    5   29    0.935    0.286  0.364  <<< FP<=3
        4.75    2    2    5   29    0.935    0.286  0.364  <<< FP<=3
        5.00    2    2    5   29    0.935    0.286  0.364  <<< FP<=3
        5.25    2    2    5   29    0.935    0.286  0.364  <<< FP<=3
        5.50    2    2    5   29    0.935    0.286  0.364  <<< FP<=3
        5.75    2    2    5   29    0.935    0.286  0.364  <<< FP<=3
        6.00    2    2    5   29    0.935    0.286  0.364  <<< FP<=3
        6.25    2    2    5   29    0.935    0.286  0.364  <<< FP<=3
        6.50    1    2    6   29    0.935    0.143  0.200  <<< FP<=3
        6.75    1    2    6   29    0.935    0.143  0.200  <<< FP<=3
        7.00    1    2    6   29    0.935    0.143  0.200  <<< FP<=3
        7.25    1    2    6   29    0.935    0.143  0.200  <<< FP<=3
        7.50    1    2    6   29    0.935    0.143  0.200  <<< FP<=3
        7.75    1    2    6   29    0.935    0.143  0.200  <<< FP<=3
        8.00    1    2    6   29    0.935    0.143  0.200  <<< FP<=3
        8.25    1    2    6   29    0.935    0.143  0.200  <<< FP<=3
        8.50    1    2    6   29    0.935    0.143  0.200  <<< FP<=3
        8.75    1    2    6   29    0.935    0.143  0.200  <<< FP<=3
        9.00    1    1    6   30    0.968    0.143  0.222  <<< FP<=3
        9.25    1    1    6   30    0.968    0.143  0.222  <<< FP<=3
        9.50    1    1    6   30    0.968    0.143  0.222  <<< FP<=3
        9.75    1    1    6   30    0.968    0.143  0.222  <<< FP<=3
       10.00    1    1    6   30    0.968    0.143  0.222  <<< FP<=3
       10.25    1    0    6   31    1.000    0.143  0.250  <<< FP<=3
       10.50    1    0    6   31    1.000    0.143  0.250  <<< FP<=3
       10.75    1    0    6   31    1.000    0.143  0.250  <<< FP<=3
       11.00    1    0    6   31    1.000    0.143  0.250  <<< FP<=3
       11.25    1    0    6   31    1.000    0.143  0.250  <<< FP<=3
       11.50    1    0    6   31    1.000    0.143  0.250  <<< FP<=3
       11.75    1    0    6   31    1.000    0.143  0.250  <<< FP<=3
       12.00    1    0    6   31    1.000    0.143  0.250  <<< FP<=3
       12.25    1    0    6   31    1.000    0.143  0.250  <<< FP<=3
       12.50    1    0    6   31    1.000    0.143  0.250  <<< FP<=3
       12.75    1    0    6   31    1.000    0.143  0.250  <<< FP<=3
       13.00    1    0    6   31    1.000    0.143  0.250  <<< FP<=3
       13.25    1    0    6   31    1.000    0.143  0.250  <<< FP<=3
       13.50    1    0    6   31    1.000    0.143  0.250  <<< FP<=3
       13.75    1    0    6   31    1.000    0.143  0.250  <<< FP<=3
       14.00    1    0    6   31    1.000    0.143  0.250  <<< FP<=3
       14.25    1    0    6   31    1.000    0.143  0.250  <<< FP<=3
       14.50    1    0    6   31    1.000    0.143  0.250  <<< FP<=3
       14.75    1    0    6   31    1.000    0.143  0.250  <<< FP<=3

===========================================================================
ALSO SWEEP max_sustained_days threshold:
Days     TP   FP   FN   TN   Spec     Sens    
       4    3    4    4   27    0.871    0.429
       5    2    3    5   28    0.903    0.286  <<< FP<=3
       6    2    2    5   29    0.935    0.286  <<< FP<=3
       7    2    2    5   29    0.935    0.286  <<< FP<=3
       8    2    2    5   29    0.935    0.286  <<< FP<=3
       9    2    2    5   29    0.935    0.286  <<< FP<=3
      10    1    2    6   29    0.935    0.143  <<< FP<=3
      11    1    1    6   30    0.968    0.143  <<< FP<=3
      12    1    0    6   31    1.000    0.143  <<< FP<=3
      13    1    0    6   31    1.000    0.143  <<< FP<=3
      14    1    0    6   31    1.000    0.143  <<< FP<=3
      15    1    0    6   31    1.000    0.143  <<< FP<=3
      16    0    0    7   31    1.000    0.000  <<< FP<=3
      17    0    0    7   31    1.000    0.000  <<< FP<=3
      18    0    0    7   31    1.000    0.000  <<< FP<=3
      19    0    0    7   31    1.000    0.000  <<< FP<=3
      20    0    0    7   31    1.000    0.000  <<< FP<=3
      21    0    0    7   31    1.000    0.000  <<< FP<=3
      22    0    0    7   31    1.000    0.000  <<< FP<=3
      23    0    0    7   31    1.000    0.000  <<< FP<=3
      24    0    0    7   31    1.000    0.000  <<< FP<=3
